! # = Tile Legend 
! 2 = Grass Top
! 3 = Tile Dirt
! 4 = TileStone
! 5 = Tree
! 6 = Tile Rock
! 7 = National Flag
!_______________________________________________MAP_____________________________________________________________________________________________________________________________________________________________________________________________________________________________________________________________________________________________________________________________________________________________________________________________________________________________________________________________________________________________________________________________________________________________________________________________________________________
                                                                                                                                                                                         3                                                                                                                333333333333333333333333333333333333333333333333333333333333333333333333                              6 
                                                                                                                                                                                         3                                                                                                                  3333333333333333333333333333333333333333333                         33                              6 
                                                                                                                                                                                         3                                                                                                                    33333333333333333333333333333333333333                            33                              6
                                                                                                                                                                                         3                                                                                                                      33333333333333333333333333333333                                33               6              6
                                                                                                                                                                                    2    3                                                                                                                        3333333333333333333333333                                     33              666666          6
 5                                                                                                                                                                                 23    35                                                                                                                         333333333333333333                                          33            6666              6 
                                                                                                                                                                            22     33    3                                                                                                      5                     333333333333                        33333333333333333     335  6      666  65             6    5
                                                                                                                                      *                                     33     33    3                                                                                                                                                             33333333333333333333     33        666    6              6
                                                                                                                      22                                              66    33     33    3                                                                                                                                                          33333333333333333333333     33               6         666666
                                                                                                                     2222                                             66    33     33    3                     2    22222222222                                                                                                                   333333333333                  332              6              6                   7
                                                                                                                    222222                                      22    66    33     33    3                     3         3                                                                                                                   333333333333333                    3332             6              6                                               
                                                                                                                   22222222                        22222222222  33    66    33     33    3                  2233         3         222222222222222                                                                               333333333333333333333333333                    333322           6              6                   
                                                                                                                  2222222222                 22              3  33    66    33     33    3                     3         3                3                                                                         3333333333333333333333333333333333333333                    33333322         666666         6
6                                       222222222222                                                             222222222222                                3  33    66    33     33    3                   333         3                3                                                                       333333333333333333333333333333333333333333     3333333333333333333333322       6              6  
6                                      22222222222222                                                           22222222222222                           33333  33    66    33     33                     2  3           3                3                                                                     33333333333333333333333333333333333333333333                                   226                 
6                                    222222222222222222                                                        2222222222222222                          3      33    66    33     33                    23  333         3                3                                      *                            3333333333333333333333333333333333333333333333                                  2336               
6                                   22222222222222222222                                                      222222222222222222                 22      3      33    66    33     33                    3     3         3                3          6666666666666666  66666666666666666                    333333333333333333333333333333333333333333333333                                 23336               
6                                 *2222222222222222222222                              *                     22222222222222222222                33      3      33    66    33     33                 *223   333         3                3             3                           3                     33333333333333333333333333333333333333333333333333                            *   233336                        *         
222  2222222222222  2222    222 2223333333333333333333333222222   22    22  22   22   22   222   22   222222222222222222222222222222222222222222233      3      33    66    33     33222222222222222222333   3           3                3             3                           3      2222222222222223333333333333333333333333333333333333333333333333322222222222222222222222222222222333336       66   66666666666666666666666666
333  3333333333333  3333    333 3333333333333333333333333333333   33    33  33   33   33   333   33   333333333333333333333333333333333333333333333      3      33    66    33     33333333333333333333333   3           3                3             3                           3      3333333333333333333333333333333333333333333333333333333333333333333333333333333333333333333333333333336            666666666666666666666666666666666666                                                             33333333333333333333333333333333333333333333333333333333333333333333333333333333333333333333333333333333333333333333333333333333333333333333333333333333333333333333333333333333333333333333333333333333333333333333333333333333333333333333333333333333333333333333333333333333333333333333333333333333333333333333333333333333333333333333333333333333333333333333333333333333333333333333333333333333333333333333333333333333333333333333333333333333333333333333333333333333333333333333333333333333333333333333333333333333333333333333
#         #         #         #         #         #         #         #         #         #         #         #         #         #         #         #         #         #         #         #         #         #         #         #         #         #         #         #         #         #         #         